.Random.seed <-
c(403L, 207L, 539997033L, 1179527101L, 89898489L, 836088337L, 
-182899441L, 1854845752L, -503882950L, 1556655045L, -60909070L, 
7900038L, -1507140247L, -1182656226L, 327151517L, 441026925L, 
360725859L, -1002082205L, -1567800426L, -12514720L, 73285401L, 
891963876L, 1251445610L, 1538385040L, 1006983206L, -589028145L, 
1999972436L, 1326821223L, -357661410L, 235106971L, 17580916L, 
1906709438L, -1239463367L, 353063481L, -245813888L, 450833848L, 
-1013013845L, -135856065L, 181550102L, 960770906L, -1280237875L, 
2103092501L, -1907828323L, 1667084086L, 1729080992L, 1531491663L, 
-801136274L, -1851172146L, -1674174012L, -1697656285L, 1374813846L, 
278999107L, 1781297231L, -675935706L, -1483334861L, 537539025L, 
632375955L, -878952628L, -132753253L, 1448566405L, -1365251571L, 
-1506967120L, -1740051293L, 591841877L, -769347217L, 586884931L, 
-1121990567L, 485697546L, 813290421L, -505835023L, 1303659388L, 
-1110036185L, 845442506L, 401861108L, 1397970552L, -363800020L, 
-1645197378L, 211792098L, -2111077786L, 676403329L, -1707740225L, 
-1836195827L, -1329977685L, -1528906184L, -833932265L, 1710477162L, 
389706703L, -1000296459L, -470001557L, 796753647L, -1810469103L, 
1496902798L, -955889218L, -1237907994L, 438545608L, -1520377440L, 
-1635180010L, -1536983680L, -67478097L, 375967658L, 1357067082L, 
-38330084L, 1412252911L, -84567193L, 1573349317L, 155024915L, 
-2646878L, -1321771286L, -535665605L, -1447358598L, -450246994L, 
-163817443L, 468205941L, -1045449992L, 1425913789L, 106172165L, 
-189069494L, -1972344917L, 1886882569L, 1256139534L, -492682168L, 
1364274194L, -442883377L, 316798922L, 1175827596L, 2124737418L, 
-476685585L, -177070845L, 192522779L, -1167538539L, 1689079023L, 
604149833L, -2129252597L, -1637616334L, -1317911089L, -185107403L, 
-1271111768L, -1101040735L, 838503788L, 1775976403L, -34001335L, 
-424338290L, 1507946009L, 905900319L, 290994506L, -943436862L, 
1751726314L, -887173294L, 1135472298L, -321866560L, 1683704285L, 
934339564L, -1492376539L, 1509306294L, -1437915034L, 233352079L, 
-1635291579L, -1489276552L, 799086620L, 1655703963L, 1738188817L, 
-612436538L, -899021865L, -1813456802L, -1610163949L, 1362530558L, 
1732474488L, 908739282L, 107924162L, 736168038L, 1332627745L, 
1396978959L, -131570891L, -1011339537L, 1213874523L, -1422892749L, 
1120103278L, -1962203087L, -1888066173L, 693393226L, -925324584L, 
-1192867479L, -16339873L, -735567364L, 173100100L, -935589692L, 
147633004L, -342201888L, 472475547L, 1817814800L, 1240297448L, 
158595951L, -512778612L, 1514219036L, 1735256392L, 482724779L, 
-1817570736L, 841552850L, 1797975144L, 1462995759L, 1459468801L, 
-1722935123L, 397341820L, 376565573L, 559036513L, -1756500848L, 
-287623599L, -1908029580L, 492424353L, -379678697L, 1147325243L, 
-892845635L, 1685231847L, -1060224625L, 1887145830L, -1409639954L, 
916645291L, 1048368491L, -205323934L, -367765925L, 358590580L, 
743929485L, 1163110116L, 1346256371L, 862802069L, 1774853961L, 
-1227065075L, 806059676L, -1078466893L, -1241997286L, 1898666928L, 
449207088L, -114754801L, -1225525456L, -1780148166L, -465092785L, 
1451899752L, -519187991L, 176604527L, -19559537L, -1409822174L, 
737226174L, -23123325L, 194729495L, 120574698L, -1128518489L, 
-1871171323L, 277200818L, 667063297L, -498815145L, -2132284222L, 
432687831L, 1129885600L, -1591179244L, -1467026252L, -1985581231L, 
-1172665833L, -886011793L, 1625720434L, 1458122696L, 1943061010L, 
1789280080L, 1409434889L, -1809281347L, 1997874209L, -829446897L, 
1103948455L, -1226219035L, 440686528L, 101488012L, -1199796392L, 
-36475949L, -1968021847L, 2127679525L, 2031752660L, -1749704676L, 
2109560270L, -420325071L, 346172920L, -1663401994L, -1315688637L, 
298023630L, 701438869L, 1169464838L, -1809118643L, 903998835L, 
-1682733972L, -121140541L, -1768677532L, -759759513L, 208985781L, 
2056757212L, 31456236L, 1792183199L, -523543840L, 630324077L, 
1515652944L, -566544551L, -233291471L, 931968369L, 2143955981L, 
1866890899L, 428794066L, 939695102L, -646746373L, -39488796L, 
-673701611L, 174685340L, -80969436L, -1916670225L, -515929431L, 
647384450L, -1284339491L, -186880487L, -1500276225L, -1565978110L, 
1785067643L, 1137644469L, -1009664577L, 337954324L, -770886754L, 
1495301582L, -1478060885L, -1980910395L, 1787467886L, -90535223L, 
911331885L, 939722766L, 1474605751L, -1941660501L, -812485160L, 
2029268419L, 802420221L, -231018369L, -449515556L, 1562624535L, 
1011780790L, 382057076L, -1777681073L, -1584272595L, 1043020921L, 
2095087257L, -997851166L, 594801513L, -1586532985L, -1169737919L, 
296553226L, 1126287823L, -2037152868L, 256900841L, -181859564L, 
-460603038L, 651682255L, -134349491L, 131824326L, 1297969996L, 
1492876189L, 754802798L, -345879058L, -288935836L, 1862770258L, 
-1932510234L, -604696101L, -1509547370L, -905558026L, -2083236014L, 
21552347L, 843914048L, 1192316432L, -582340846L, -1517418216L, 
978651521L, -2139835985L, -273061242L, 1572320887L, -1828456667L, 
-1207914740L, -880792851L, 1247759868L, 1869889884L, 1740969005L, 
-1143439040L, -421277283L, 2141188000L, -1405214136L, 192952886L, 
-584497304L, -938345418L, 114653911L, 790542171L, 968816717L, 
1244171504L, 846108663L, 1219762415L, 1182782786L, 1276013462L, 
-1503968292L, 1900859270L, -2095009338L, 1272135293L, 1777386736L, 
-760607164L, -1800285906L, 1824856103L, 1654025868L, 2145137940L, 
-1670198899L, -398451595L, 1278901634L, 2086324279L, 1311142012L, 
137665163L, -1043230411L, -564168284L, -1078518549L, 1108341715L, 
-910657016L, -782470055L, -748170262L, -1357311445L, -1053150019L, 
676420792L, 1787459819L, 542830928L, -1105995916L, -305945915L, 
-975797679L, -329516192L, -1915847047L, -607900307L, 1300054065L, 
1557200749L, 368280128L, 246655113L, 700187901L, 990097671L, 
-2145247826L, -1626775437L, 154854756L, 1497756400L, -1177213959L, 
-2113542151L, 1909354781L, 1027436079L, -32263841L, 917223910L, 
828512158L, -291950053L, -1560568226L, -1347209241L, -1580759050L, 
-1047133993L, -1084626462L, -1667302616L, 1054367040L, 285898467L, 
186639128L, 511427016L, -523332851L, -1755293693L, 1254812820L, 
2083577418L, -260992946L, -537247534L, -2113730665L, -1776742248L, 
1219897659L, 1613124500L, -1515231883L, -861266594L, -579142005L, 
1937602139L, 1051727544L, 893333932L, -1176242486L, 1359511901L, 
1247460474L, 1736895222L, -1938998003L, 1477892196L, 2036995085L, 
-1041924866L, -1511717118L, 1277438582L, -1656674674L, 161670554L, 
-2138860310L, -289817062L, -212299039L, 1073853033L, -666445067L, 
-1126500181L, 1962734206L, 2017855615L, -476258939L, 320109817L, 
-619410635L, 1628027904L, 1165320953L, -1964495639L, 201905409L, 
-510347890L, 1000493911L, -186534562L, 253361558L, 1149755205L, 
1079014099L, 1580026086L, 575267082L, -621684110L, 870568965L, 
118812301L, 1409556598L, -1789928655L, -1915479707L, -392906338L, 
-561767022L, -1976764603L, -342548852L, 814809156L, -2042522592L, 
59157437L, -1295438342L, 1923572304L, 1739286493L, -1156305252L, 
991325091L, -146667785L, -1848008481L, -470552662L, -319865140L, 
2135537328L, 1870555274L, -183349239L, 1595322435L, -1791162173L, 
-2034728908L, 852286876L, 1563882026L, -1187827290L, -1691203072L, 
-1042215727L, 39014043L, -1449700807L, 1620413580L, -360157768L, 
1112937922L, 1206220509L, -1798575416L, -494074705L, -1685458370L, 
-419500035L, -64349032L, 485632780L, -289309669L, -2015547147L, 
765970626L, -1418194025L, 1710214822L, 948924725L, -708891959L, 
1596108534L, 1411812992L, -1442205796L, 454858919L, 329107401L, 
444512185L, 535086648L, 177427800L, 1802596547L, -244969639L, 
1860826847L, -1936891629L, -856124184L, 1183469002L, -1816229163L, 
1578376646L, -1318611569L, 1793034615L, -200872620L, -1352967906L, 
54672408L, 753075275L, -1946725648L, -124988343L, 857951286L, 
979210760L, -309181090L, 817266121L, -1637944462L, -1347523620L, 
1368363699L, 1328440724L, -1837502201L, -1031766148L, 435849926L, 
1118877484L, -1112675632L, 493454727L, -1841451849L, 764728865L, 
368767349L, -128317069L, 668342664L, -846453840L, -289254536L, 
